47
14
20
17
60
40
110
90
65
65
20
61
15
35
61
100
40
20
26
10
19
70
258
160
300
2
33
20
10
85
85
130
20
175
9
110
150
35
150
150
75
85
28
75
110
6
140
70
20
80
20
20
50
39
75
70
25
15
22
80
60
45
25
15
21
32
10
17.5
100
150
35
150
25
85
17.5
25
18
180
70
150
75
130
30
50
35
40
7.5
20
20
13
45
15
30
25
22
30
47.5
25
35
10
12
72.5
27.5
7
82.5
17.5
92.5
20
40
15
15
2.6
40
105
140
20
33
85
21
1.7
40
8
20
60
35
25
65
58
37
25
18
7
20
30
3.5
30
55
4
70
12
186
40
120
150
200
185
57.5
9
200
80
60
137.5
80
62
180
75
150
10
82.5
45
60
66
37
185
65
35
20
175
26
27
90
25
35
8.5
16
65
25
30
22
45
20
45
13.5
37
60
16
10
20
30
20
20
80
0.5
45
30
20
20
10
2.5
67.5
38
12
37.5
15
35
19
11
25.1
11
30
10.8
55
12
5
24
150
28
50
230
150
37
78
80
30
12.5
12
30
100
50
54
55
80
25
55
160
6
75
30
167
5
16
35
14
19
26
60
15
35
20
25
50
60
25
38
59
70
19
50
20
50
138
50
60
30
50
20
175
5
30
9.5
85
30
35
18
20
12.9
60
20
60
50
150
3
140
150
200
25
150
30
175
100
17
35
55
110
40
60
210
21
27.5
90
102.5
15
42
18
250
6
82.5
30
38
45
70
7.5
14
175
40
16
20
30
39
70
15
15
29
40
15
7.5
12.5
30
12.5
35
100
16
18
22
18
40
80
18.5
15
23.6
7
60
53
0.02
20
100
40
65
40
11
60
6
190
25
10
24
200
50
50
29
50
40
50
35
25
20
26
21
60
105
237
58
75
25
75
80
90
20
19
18
80
65
31
26
48
80
25
52
15
95
150
52
80
30
20
200
17
16
20
15
32
40
45
36
165
20
125
20
10
55
21
30
35
10
25
7
35
35
200
12
30
200
10
165
100
200
15
40
75
50
13
100
40
47
3
200
117
80
68
150
69
40
150
160
110
85
44
69
4
30
100
60
60
82
20
35
24
19
32
1.8
22
20
32
20
7
60
20
10
8
37
2
80
70
20
2
26
50
22
38
25
12.5
20
58
3
20
50
21
130
40
10
100
125
30
55
24
30
260
15
20
155
100
13
25
170
80
100
38
15
112
15
40
70
120
25
15
18
40
37
30
16
5
10
36
80
25
60
30
45
36
17
135
25
50.2
70
150
42
27
40
40
15
82
63
1.5
32
40
30
90
18
49.9
40
25
38
10
20
125
150
32.5
60
32
21
250
150
80
3.2
160
17
50
200
55
20
200
7
195
30
20
35
80
125
30
140
35
163
50
110
93
52
25
28
40
90
30
15
27
40
25
5
20
5
25
60
25
15
35
37
70
50
3.5
8
20
50
4
20
110
12.5
0.2
5
24
41
38
45
5
75
35
30
40
130
45
30
19
15
75
5
75
35
79
135
110
150
45
20
10