38.08
75.51
86.87
57.1
159.31
145.9
228.74
253.63
84.79
456.07
84
95.7
37.47
95.01
145.71
169.33
62.77
117.76
30.82
17.56
35.3
73.54
890.87
798.96
961
22.18
219
48.12
35.62
311.31
149.04
289.05
30.67
173.39
35.77
383.53
621.42
69.31
708.27
939.88
202.55
186.05
92.6
527.07
442.82
18.2
258.02
135.56
169.87
40.17
47
78.47
69.78
26.72
74.25
69.79
59.19
55.63
147.87
86.61
127.77
29.37
92.99
55.86
54.83
75.1
139.35
34.92
267.9
287.12
63.21
196.26
68.95
340.49
99.96
161
56.83
372.23
360.47
584.16
118.48
457.36
153.09
152.52
20.58
128.88
231.18
73.19
44.5
38.8
174.31
12.9
160.3
170.8
26.1
84.6
113.2
76.18
52.5
20.9
56.8
110.6
43.4
55
222.2
148.2
162.8
29.3
151.2
32
20.75
43.9
77.2
269.1
51.5
63.8
21.6
297
41.6
23
49.7
47.8
41.98
15.17
157.9
11.18
71.1
41
99.9
22.6
57.2
11.65
63.6
32.3
7.72
104.8
128.8
18.08
63.9
43.3
581.9
106
93.4
219.3
419.6
786.6
415.1
77.6
631.9
201.8
163.4
262.5
230.5
40.8
507.3
342.1
624.4
17.7
158.9
220.7
50.5
572.2
63.8
996.9
128
68.3
33.4
393.2
101.5
44.2
188
32.6
73.4
65.6
77.2
73.8
70
11.74
25.3
70.6
34.5
39.4
34.3
154.8
74
46.1
37.11
24
27.6
43.8
36.2
175.9
33.45
9.11
75.7
25.9
116
31.7
13.14
17.5
11.78
37.2
9.81
18.1
84.2
10.41
37.8
29
240.7
23.8
103.6
66.9
10.86
14.89
36.6
462.3
66.7
567
289.3
246.5
129.4
149.6
60.9
33
8.88
8.19
230
113.4
61.4
88.72
85.4
18.7
111.8
322
21.5
184
114.7
262.34
10.7
76.5
118.2
100
40.5
183.3
62.5
198
91.1
50.16
226.8
121.9
178.4
44.4
75.9
108.3
91.4
60.2
18.6
12.34
185.3
105.1
78.1
91.4
183.3
17.1
381.5
14.6
76.8
16.05
343
58.23
150.09
24.9
136.3
34.5
88.3
73.8
37.92
101.9
373.1
10
385.5
485.9
372
32.09
413
86.7
727.1
68.8
18.01
467.3
22.99
150
314.7
60.2
836.3
10.2
91.7
884.5
214.1
29
130.8
15.7
934
7.86
285.1
75.8
205.3
59.55
71.5
58.6
22.2
302.1
118.6
40.26
12.1
204.8
79.7
313.6
6.38
37.7
9.9
152.6
40.13
10.8
35.1
48
13.56
12.2
212.7
18.8
33.1
35.5
78
17
99.4
32
16
93.3
20.5
166.4
102.5
171.3
31.2
85.3
19.2
31.59
28.2
49.3
252.01
0.41
323.6
26.34
31.72
48.2
767.9
36.3
73.4
295.1
704.2
42.78
49.8
57.6
14.3
16
39.5
13.9
53.9
247.3
2712.85
47.5
440.7
162.02
218.1
29.5
394.6
51.42
32.61
19.62
153.45
92.3
15.13
67.91
112.36
81.12
114.98
52.8
20.1
226.5
139.79
216.49
294.8
55.52
54.59
1024.39
36.31
55.85
48.81
75.7
18.41
136.32
60.02
64.42
494.88
89.04
493.21
60.67
4.68
152.26
49.05
96.13
77.1
6.41
29.38
4.87
115.66
35.97
622.1
21.57
79.18
321.67
9.32
748.8
288.35
335.15
5.06
91.39
93.4
83.36
3.58
177.03
359.13
10.9
4.26
1063.16
261.68
267.4
693.58
319.12
541.88
126.74
215.28
823.58
293.5
112.48
46.09
86.41
29.37
159.15
170.27
204.48
47.58
274.47
79.98
93.25
79.78
47.73
68.16
66.46
26.66
46
42.05
42.15
9.92
296.22
29.91
56.83
73.64
144.55
7.8
139.9
130.63
31.86
18.38
28.19
199.6
8.4
96.16
19.83
9.71
169.95
164.42
177.51
122.51
200.55
37.7
321.88
58.78
55.26
146.02
955.41
41.75
56.08
24.91
54.53
355.08
9.45
0.64
415.68
278.34
329.39
129.19
291.41
201.58
232.7
250.93
245.2
237.38
20.52
91.6
69.7
227.8
147.7
4.8
60.73
51.2
96
108.6
40.49
0.03
1.07
193.97
214.95
27.12
144.5
130.79
28.93
83.16
28.83
245.15
6.93
127.87
211.82
38.99
89.16
161.85
97.98
75.01
75.7
89.79
183.95
97.01
123.28
45.74
63.78
484.63
44.27
24.86
97.14
14.21
117.09
6.86
4.63
626.13
448.51
288.38
78.31
54.3
6.37
1043.87
663.02
581.46
14.18
353.62
139.18
259.71
219.85
187.36
216.2
551.85
0.38
1123.2
52.41
39.66
209.64
170.3
1328.11
33.15
368.4
149.54
174.82
142.84
562.16
481.23
70.83
199.32
40.55
157.89
48.8
37.1
55.24
74.08
60.97
31.55
24.82
45.43
25.56
38.7
135.44
23.06
67.01
82.07
87.95
52.96
102.11
8.87
36.51
8.97
38.5
1.1
30.43
269.81
54.19
1.32
2.71
62.05
7.41
27.43
157.94
201.9
132.15
3.12
14.19
127.39
284.39
21.55
1.1
34.04
0.03
121.5
1.57
182.49
35.06
83.91
106.51
634.8
91.2
72.43
24.54
8.26