81.03
539.37
434.33
335.91
265.52
364.74
207.94
281.81
130.44
701.64
419.98
156.88
249.77
271.46
238.87
169.33
156.93
588.8
118.55
175.62
185.79
105.06
345.3
499.35
320.33
1108.97
663.64
240.61
356.2
366.25
175.35
222.34
153.33
99.08
397.42
348.66
414.28
198.02
472.18
626.59
270.06
218.89
330.72
702.76
402.57
303.29
184.3
193.66
849.36
50.21
235
392.35
139.56
68.51
99
99.7
236.77
370.9
672.13
108.26
212.94
65.26
371.97
372.42
261.08
234.67
1393.53
199.53
267.9
191.42
180.6
130.84
275.79
400.57
571.22
644
315.72
206.8
514.95
389.44
157.97
351.82
510.31
305.05
58.79
322.21
3082.46
365.97
223
298
387.36
86
534
683
119
282
238
304.73
150
209
473
153
158
786
269
847
176
147
378
213
138
1688
193
256
37
319
65
349
198
1353
124
598
210
25
451
45
109
71
270
90
318
166
318
108
221
349
234
452
91
361
313
265
78
29
210
425
722
862
316
252
272
191
288
66
282
456
416
177
193
490
84
867
172
539
197
195
167
225
390
164
209
130
210
772
483
114
280
39
115
157
173
88
254
418
123
288
371
120
92
219
181
220
6690
20
252
130
580
317
525
26
31
310
26
121
241
55
344
116
2188
79
959
122
90
298
153
308
238
247
193
666
166
187
203
264
74
27
230
227
114
161
107
75
203
201
358
245
382
157
214
478
338
714
213
705
104
1320
260
251
907
203
714
117
129
155
481
120
93
25
134
210
130
305
367
86
218
292
256
169
404
194
429
138
682
267
147
369
63
204
249
333
275
324
186
128
275
289
415
69
106
1335
42
136
787
100
398
49
333
983
209
193
311
87
374
131
346
253
540
132
102
781
159
173
297
251.63
61
683
204
448
43
251
34
382
267.53
144
281
160
108
35
213
118
184
161
433
43
124
173
107
395
293
277
193
1142000
156
85
48
49
71
448
420
6.83
170
105
317
201
384
73
147
1018
1408
107
100
165
57
80
152
66
90
236
1145
82
588
648
291
37
438
257.1
171.63
109
191.81
142
48.81
261.19
234.08
101.4
459.92
101.54
134
238.42
93.19
416.33
368.5
185.07
272.95
512.2
213.59
349.06
244.05
504.67
57.53
340.8
133.38
178.94
299.93
445.2
394.57
303.35
46.8
276.84
233.57
320.43
220.29
64.1
117.52
69.57
330.46
102.77
311.05
179.75
263.93
160.84
93.2
453.82
288.35
167.58
33.73
228.48
124.53
166.72
27.54
177.03
897.83
23.19
142
531.58
223.66
334.25
1019.97
212.75
785.33
316.85
143.52
514.74
266.82
132.33
104.75
125.23
734.25
530.5
170.27
340.8
79.3
334.72
399.9
266.43
332.42
251.21
213
3692.22
121.18
230
131.41
210.75
141.71
493.7
149.55
568.3
920.5
390.68
390
174.88
186.61
159.3
919
108.42
399.2
38.18
253.05
79.32
77.68
849.75
283.48
5917
612.55
401.1
179.52
247.6
146.95
552.6
146.02
764.33
139.17
101.96
103.79
181.77
136.57
63
3.2
268.18
278.34
2533.77
516.76
171.42
251.98
232.7
660.34
1634.67
211.95
136.8
229
99.57
189.83
590.8
32
337.39
128
259.46
362
253.08
0.5
10.67
538.8
268.68
108.48
240.83
435.95
64.29
231
169.61
181.6
27.71
254.72
302.6
25.99
212.29
599.44
244.96
187.52
504.67
109.5
291.99
6467.27
385.24
114.34
212.6
538.48
245.93
49.81
242.84
56.84
308.14
68.61
23.17
501
299.01
887.33
130.51
169.7
30.33
417.55
442.02
726.83
443.19
221.01
818.69
519.43
109.93
340.65
1080.98
275.93
5.46
576
174.69
198.32
598.97
212.88
1062.49
110.51
263.15
427.26
107.25
285.68
511.05
517.45
136.22
797.3
144.81
394.72
54.22
123.67
368.27
274.37
152.41
126.18
496.32
227.15
511.24
154.81
225.74
92.23
446.71
234.48
237.69
75.66
204.22
253.4
456.39
44.86
77
27.6
152.13
245.28
433.55
660.5
54.22
258.55
18.07
72.18
350.98
4037.94
176.2
8.93
47.3
318.48
218.76
47.89
3.68
179.18
0.2
162.01
31.46
243.31
100.16
106.22
78.89
577.09
60.8
160.95
122.71
82.58